Loading current FlyWire brain...
Brain neurons:    139,255
Left Orco ORNs:   762
Right Orco ORNs:  767
Total Orco ORNs:  1,529

============================================================
TRIAL SEED: 42
============================================================

Left ORN indices:   762
Right ORN indices:  767
BPN indices:        32
DNg100 pair:        2/2
DNa02 pair:         2/2
Whole-brain edges:  3,732,460

=== SPATIAL OLFACTORY CLOSED-LOOP PILOT ===

 step    x   y  orientation  left_rate_hz  right_rate_hz  dna02_left_spikes  dna02_right_spikes  steering_drive  forward_drive
    1 5.02 4.0     0.000000     26.044530      22.613867                  1                   1             0.0           40.0
    2 5.02 4.0     6.263185     26.432819      22.918454                  0                   2           -40.0            0.0
    3 5.02 4.0     6.253185     26.471406      22.888309                  1                   2           -20.0            0.0
    4 5.02 4.0     6.263185     26.490432      22.873498                  4                   3            20.0            0.0
    5 5.02 4.0     0.030000     26.471406      22.888309                  7                   2           100.0            0.0
    6 5.02 4.0     0.060000     26.373645      22.964963                  4                   1            60.0            0.0
    7 5.02 4.0     0.060000     26.312981      23.012998                  2                   2             0.0            0.0
    8 5.02 4.0     0.090000     26.312981      23.012998                  6                   3            60.0            0.0
    9 5.02 4.0     0.130000     26.250901      23.062531                  6                   2            80.0            0.0
   10 5.02 4.0     0.180000     26.166055      23.130855                  6                   1           100.0            0.0
   11 5.02 4.0     0.190000     26.056915      23.219819                  3                   2            20.0            0.0
   12 5.02 4.0     0.210000     26.034704      23.238074                  6                   4            40.0            0.0
   13 5.02 4.0     0.220000     25.989923      23.275038                  5                   4            20.0            0.0
   14 5.02 4.0     0.220000     25.967358      23.293743                  3                   3             0.0            0.0
   15 5.02 4.0     0.270000     25.967358      23.293743                  6                   1           100.0            0.0
   16 5.02 4.0     0.310000     25.852903      23.389453                  5                   1            80.0            0.0
   17 5.02 4.0     0.330000     25.759555      23.468558                  5                   3            40.0            0.0
   18 5.02 4.0     0.330000     25.712349      23.508925                  3                   3             0.0            0.0
   19 5.02 4.0     0.370000     25.712349      23.508925                  6                   2            80.0            0.0
   20 5.02 4.0     0.370000     25.616987      23.591227                  2                   2             0.0            0.0

Initial source distance: 1.414
Final source distance:   1.400
Final position:          (5.020, 4.000)
Final orientation:       0.370 rad

============================================================
TRIAL SEED: 43
============================================================

Left ORN indices:   762
Right ORN indices:  767
BPN indices:        32
DNg100 pair:        2/2
DNa02 pair:         2/2
Whole-brain edges:  3,732,460

=== SPATIAL OLFACTORY CLOSED-LOOP PILOT ===

 step        x        y  orientation  left_rate_hz  right_rate_hz  dna02_left_spikes  dna02_right_spikes  steering_drive  forward_drive
    1 5.014993 4.000450         0.03     26.044530      22.613867                  3                   0            60.0           30.0
    2 5.029957 4.001499         0.07     26.284284      22.896307                  4                   0            80.0           30.0
    3 5.029957 4.001499         0.13     26.513023      23.207491                  6                   0           120.0            0.0
    4 5.029957 4.001499         0.19     26.385974      23.309364                  6                   0           120.0            0.0
    5 5.029957 4.001499         0.18     26.253878      23.417010                  3                   4           -20.0            0.0
    6 5.029957 4.001499         0.19     26.276219      23.398680                  3                   2            20.0            0.0
    7 5.029957 4.001499         0.17     26.253878      23.417010                  3                   5           -40.0            0.0
    8 5.029957 4.001499         0.19     26.298433      23.380503                  6                   4            40.0            0.0
    9 5.029957 4.001499         0.22     26.253878      23.417010                  5                   2            60.0            0.0
   10 5.029957 4.001499         0.24     26.186130      23.472917                  5                   3            40.0            0.0
   11 5.029957 4.001499         0.27     26.140387      23.510935                  4                   1            60.0            0.0
   12 5.034733 4.002977         0.30     26.070964      23.569058                  5                   2            60.0           10.0
   13 5.034733 4.002977         0.32     26.118780      23.728666                  4                   2            40.0            0.0
   14 5.034733 4.002977         0.34     26.071253      23.769086                  5                   3            40.0            0.0
   15 5.034733 4.002977         0.34     26.023380      23.810048                  2                   2             0.0            0.0
   16 5.034733 4.002977         0.35     26.023380      23.810048                  4                   3            20.0            0.0
   17 5.034733 4.002977         0.34     25.999321      23.830730                  1                   2           -20.0            0.0
   18 5.034733 4.002977         0.33     26.023380      23.810048                  2                   3           -20.0            0.0
   19 5.034733 4.002977         0.28     26.047359      23.789500                  1                   6          -100.0            0.0
   20 5.034733 4.002977         0.25     26.165937      23.688802                  2                   5           -60.0            0.0

Initial source distance: 1.414
Final source distance:   1.388
Final position:          (5.035, 4.003)
Final orientation:       0.250 rad

============================================================
TRIAL SEED: 44
============================================================

Left ORN indices:   762
Right ORN indices:  767
BPN indices:        32
DNg100 pair:        2/2
DNa02 pair:         2/2
Whole-brain edges:  3,732,460

=== SPATIAL OLFACTORY CLOSED-LOOP PILOT ===

 step        x       y  orientation  left_rate_hz  right_rate_hz  dna02_left_spikes  dna02_right_spikes  steering_drive  forward_drive
    1 5.000000 4.00000     0.000000     26.044530      22.613867                  0                   0             0.0            0.0
    2 5.014999 4.00015     0.010000     26.044530      22.613867                  2                   1            20.0           30.0
    3 5.014999 4.00015     0.000000     26.318662      22.860113                  3                   4           -20.0            0.0
    4 5.014999 4.00015     0.000000     26.338193      22.844786                  2                   2             0.0            0.0
    5 5.014999 4.00015     6.253185     26.338193      22.844786                  1                   4           -60.0            0.0
    6 5.014999 4.00015     6.253185     26.395742      22.799842                  3                   3             0.0            0.0
    7 5.014999 4.00015     6.203185     26.395742      22.799842                  2                   7          -100.0            0.0
    8 5.014999 4.00015     6.163185     26.488020      22.728438                  2                   6           -80.0            0.0
    9 5.014999 4.00015     6.153185     26.558383      22.674532                  3                   4           -20.0            0.0
   10 5.014999 4.00015     6.153185     26.575473      22.661510                  3                   3             0.0            0.0
   11 5.014999 4.00015     6.163185     26.575473      22.661510                  4                   3            20.0            0.0
   12 5.014999 4.00015     6.163185     26.558383      22.674532                  2                   2             0.0            0.0
   13 5.014999 4.00015     6.153185     26.558383      22.674532                  4                   5           -20.0            0.0
   14 5.014999 4.00015     6.123185     26.575473      22.661510                  2                   5           -60.0            0.0
   15 5.014999 4.00015     6.103185     26.625500      22.623545                  4                   6           -40.0            0.0
   16 5.014999 4.00015     6.073185     26.657793      22.599161                  3                   6           -60.0            0.0
   17 5.014999 4.00015     6.073185     26.704598      22.563989                  3                   3             0.0            0.0
   18 5.014999 4.00015     6.053185     26.704598      22.563989                  3                   5           -40.0            0.0
   19 5.014999 4.00015     6.053185     26.734685      22.541485                  4                   4             0.0            0.0
   20 5.014999 4.00015     6.063185     26.734685      22.541485                  4                   3            20.0            0.0

Initial source distance: 1.414
Final source distance:   1.404
Final position:          (5.015, 4.000)
Final orientation:       6.063 rad

============================================================
TRIAL SEED: 45
============================================================

Left ORN indices:   762
Right ORN indices:  767
BPN indices:        32
DNg100 pair:        2/2
DNa02 pair:         2/2
Whole-brain edges:  3,732,460

=== SPATIAL OLFACTORY CLOSED-LOOP PILOT ===

 step        x        y  orientation  left_rate_hz  right_rate_hz  dna02_left_spikes  dna02_right_spikes  steering_drive  forward_drive
    1 5.024995 4.000500         0.02     26.044530      22.613867                  3                   1            40.0           50.0
    2 5.024995 4.000500         0.05     26.499769      23.034097                  5                   2            60.0            0.0
    3 5.034955 4.001399         0.09     26.439467      23.081686                  5                   1            80.0           20.0
    4 5.034955 4.001399         0.14     26.566985      23.315541                  6                   1           100.0            0.0
    5 5.034955 4.001399         0.17     26.459820      23.401730                  4                   1            60.0            0.0
    6 5.034955 4.001399         0.22     26.393836      23.455373                  5                   0           100.0            0.0
    7 5.034955 4.001399         0.25     26.281301      23.547890                  6                   3            60.0            0.0
    8 5.034955 4.001399         0.27     26.212370      23.605211                  4                   2            40.0            0.0
    9 5.039786 4.002684         0.26     26.165876      23.644157                  2                   3           -20.0           10.0
   10 5.039786 4.002684         0.30     26.305619      23.722113                  5                   1            80.0            0.0
   11 5.039786 4.002684         0.30     26.211489      23.801370                  4                   4             0.0            0.0
   12 5.039786 4.002684         0.32     26.211489      23.801370                  3                   1            40.0            0.0
   13 5.039786 4.002684         0.28     26.163852      23.841842                  1                   5           -80.0            0.0
   14 5.039786 4.002684         0.26     26.258752      23.761456                  3                   5           -40.0            0.0
   15 5.039786 4.002684         0.26     26.305619      23.722113                  5                   5             0.0            0.0
   16 5.039786 4.002684         0.25     26.305619      23.722113                  2                   3           -20.0            0.0
   17 5.039786 4.002684         0.22     26.328896      23.702659                  2                   5           -60.0            0.0
   18 5.039786 4.002684         0.20     26.398067      23.645183                  3                   5           -40.0            0.0
   19 5.039786 4.002684         0.22     26.443603      23.607618                  4                   2            40.0            0.0
   20 5.039786 4.002684         0.22     26.398067      23.645183                  3                   3             0.0            0.0

Initial source distance: 1.414
Final source distance:   1.384
Final position:          (5.040, 4.003)
Final orientation:       0.220 rad

============================================================
TRIAL SEED: 46
============================================================

Left ORN indices:   762
Right ORN indices:  767
BPN indices:        32
DNg100 pair:        2/2
DNa02 pair:         2/2
Whole-brain edges:  3,732,460

=== SPATIAL OLFACTORY CLOSED-LOOP PILOT ===

 step        x        y  orientation  left_rate_hz  right_rate_hz  dna02_left_spikes  dna02_right_spikes  steering_drive  forward_drive
    1 5.029994 3.999400 6.263185e+00     26.044530      22.613867                  1                   3           -40.0           60.0
    2 5.039990 3.999100 6.253185e+00     26.655436      23.030361                  0                   1           -20.0           20.0
    3 5.044990 3.999100 8.881784e-16     26.864319      23.162761                  4                   1            60.0           10.0
    4 5.044990 3.999100 2.000000e-02     26.904288      23.284000                  6                   4            40.0            0.0
    5 5.044990 3.999100 5.000000e-02     26.864791      23.314868                  4                   1            60.0            0.0
    6 5.044990 3.999100 7.000000e-02     26.804242      23.362477                  5                   3            40.0            0.0
    7 5.054940 4.000098 1.000000e-01     26.763039      23.395077                  5                   2            60.0           20.0
    8 5.054940 4.000098 9.000000e-02     26.912844      23.615217                  2                   3           -20.0            0.0
    9 5.054940 4.000098 1.000000e-01     26.934094      23.598282                  6                   5            20.0            0.0
   10 5.054940 4.000098 1.300000e-01     26.912844      23.615217                  5                   2            60.0            0.0
   11 5.054940 4.000098 1.700000e-01     26.848178      23.667026                  5                   1            80.0            0.0
   12 5.054940 4.000098 2.000000e-01     26.759921      23.738405                  5                   2            60.0            0.0
   13 5.054940 4.000098 2.000000e-01     26.692302      23.793622                  4                   4             0.0            0.0
   14 5.054940 4.000098 2.000000e-01     26.692302      23.793622                  3                   3             0.0            0.0
   15 5.054940 4.000098 1.500000e-01     26.692302      23.793622                  2                   7          -100.0            0.0
   16 5.054940 4.000098 1.100000e-01     26.804330      23.702391                  2                   6           -80.0            0.0
   17 5.054940 4.000098 1.100000e-01     26.891440      23.632320                  3                   3             0.0            0.0
   18 5.054940 4.000098 8.000000e-02     26.891440      23.632320                  1                   4           -60.0            0.0
   19 5.054940 4.000098 6.000000e-02     26.955186      23.581516                  1                   3           -40.0            0.0
   20 5.054940 4.000098 5.000000e-02     26.996885      23.548496                  2                   3           -20.0            0.0

Initial source distance: 1.414
Final source distance:   1.376
Final position:          (5.055, 4.000)
Final orientation:       0.050 rad

============================================================
TRIAL SEED: 47
============================================================

Left ORN indices:   762
Right ORN indices:  767
BPN indices:        32
DNg100 pair:        2/2
DNa02 pair:         2/2
Whole-brain edges:  3,732,460

=== SPATIAL OLFACTORY CLOSED-LOOP PILOT ===

 step        x       y  orientation  left_rate_hz  right_rate_hz  dna02_left_spikes  dna02_right_spikes  steering_drive  forward_drive
    1 5.010000 4.00000         0.00     26.044530      22.613867                  1                   1             0.0           20.0
    2 5.014998 4.00015         0.03     26.238400      22.766076                  5                   2            60.0           10.0
    3 5.014998 4.00015         0.05     26.279064      22.891254                  3                   1            40.0            0.0
    4 5.014998 4.00015         0.04     26.238838      22.923093                  3                   4           -20.0            0.0
    5 5.014998 4.00015         0.05     26.259032      22.907090                  4                   3            20.0            0.0
    6 5.014998 4.00015         0.11     26.238838      22.923093                  7                   1           120.0            0.0
    7 5.014998 4.00015         0.15     26.114439      23.022577                  7                   3            80.0            0.0
    8 5.014998 4.00015         0.19     26.028623      23.092116                  6                   2            80.0            0.0
    9 5.014998 4.00015         0.16     25.940709      23.164141                  0                   3           -60.0            0.0
   10 5.014998 4.00015         0.18     26.006834      23.109893                  5                   3            40.0            0.0
   11 5.014998 4.00015         0.21     25.962875      23.145906                  5                   2            60.0            0.0
   12 5.014998 4.00015         0.24     25.896022      23.201061                  6                   3            60.0            0.0
   13 5.014998 4.00015         0.25     25.828142      23.257547                  4                   3            20.0            0.0
   14 5.014998 4.00015         0.25     25.805301      23.276665                  5                   5             0.0            0.0
   15 5.014998 4.00015         0.26     25.805301      23.276665                  4                   3            20.0            0.0
   16 5.014998 4.00015         0.25     25.782356      23.295925                  3                   4           -20.0            0.0
   17 5.014998 4.00015         0.25     25.805301      23.276665                  3                   3             0.0            0.0
   18 5.014998 4.00015         0.29     25.805301      23.276665                  6                   2            80.0            0.0
   19 5.014998 4.00015         0.28     25.712934      23.354547                  2                   3           -20.0            0.0
   20 5.014998 4.00015         0.28     25.736170      23.334867                  3                   3             0.0            0.0

Initial source distance: 1.414
Final source distance:   1.404
Final position:          (5.015, 4.000)
Final orientation:       0.280 rad

============================================================
TRIAL SEED: 48
============================================================

Left ORN indices:   762
Right ORN indices:  767
BPN indices:        32
DNg100 pair:        2/2
DNa02 pair:         2/2
Whole-brain edges:  3,732,460

=== SPATIAL OLFACTORY CLOSED-LOOP PILOT ===

 step        x       y  orientation  left_rate_hz  right_rate_hz  dna02_left_spikes  dna02_right_spikes  steering_drive  forward_drive
    1 5.000000 4.00000         0.01     26.044530      22.613867                  1                   0            20.0            0.0
    2 5.014993 4.00045         0.03     26.025088      22.629163                  3                   1            40.0           30.0
    3 5.014993 4.00045         0.02     26.284284      22.896307                  1                   2           -20.0            0.0
    4 5.014993 4.00045         0.02     26.304159      22.880635                  4                   4             0.0            0.0
    5 5.014993 4.00045         0.06     26.304159      22.880635                  5                   1            80.0            0.0
    6 5.014993 4.00045         0.07     26.223686      22.944334                  4                   3            20.0            0.0
    7 5.014993 4.00045         0.07     26.203171      22.960676                  3                   3             0.0            0.0
    8 5.014993 4.00045         0.05     26.203171      22.960676                  3                   5           -40.0            0.0
    9 5.014993 4.00045         0.05     26.244045      22.928158                  4                   4             0.0            0.0
   10 5.014993 4.00045         0.05     26.244045      22.928158                  4                   4             0.0            0.0
   11 5.014993 4.00045         0.03     26.244045      22.928158                  3                   5           -40.0            0.0
   12 5.014993 4.00045         0.05     26.284284      22.896307                  3                   1            40.0            0.0
   13 5.014993 4.00045         0.07     26.244045      22.928158                  5                   3            40.0            0.0
   14 5.014993 4.00045         0.07     26.203171      22.960676                  3                   3             0.0            0.0
   15 5.014993 4.00045         0.08     26.203171      22.960676                  4                   3            20.0            0.0
   16 5.014993 4.00045         0.09     26.182503      22.977182                  3                   2            20.0            0.0
   17 5.014993 4.00045         0.07     26.161684      22.993852                  3                   5           -40.0            0.0
   18 5.019984 4.00075         0.06     26.203171      22.960676                  3                   4           -20.0           10.0
   19 5.019984 4.00075         0.04     26.325976      23.025676                  1                   3           -40.0            0.0
   20 5.019984 4.00075         0.03     26.366615      22.993455                  4                   5           -20.0            0.0

Initial source distance: 1.414
Final source distance:   1.400
Final position:          (5.020, 4.001)
Final orientation:       0.030 rad

============================================================
TRIAL SEED: 49
============================================================

Left ORN indices:   762
Right ORN indices:  767
BPN indices:        32
DNg100 pair:        2/2
DNa02 pair:         2/2
Whole-brain edges:  3,732,460

=== SPATIAL OLFACTORY CLOSED-LOOP PILOT ===

 step        x      y  orientation  left_rate_hz  right_rate_hz  dna02_left_spikes  dna02_right_spikes  steering_drive  forward_drive
    1 5.000000 4.0000         0.00     26.044530      22.613867                  0                   0             0.0            0.0
    2 5.000000 4.0000         0.02     26.044530      22.613867                  2                   0            40.0            0.0
    3 5.009998 4.0002         0.02     26.005479      22.644628                  1                   1             0.0           20.0
    4 5.009998 4.0002         0.02     26.202714      22.800237                  3                   3             0.0            0.0
    5 5.009998 4.0002         0.06     26.202714      22.800237                  5                   1            80.0            0.0
    6 5.009998 4.0002         0.09     26.122393      22.863872                  5                   2            60.0            0.0
    7 5.009998 4.0002         0.10     26.060517      22.913331                  2                   1            20.0            0.0
    8 5.009998 4.0002         0.13     26.039594      22.930142                  7                   4            60.0            0.0
    9 5.009998 4.0002         0.18     25.975975      22.981533                  5                   0           100.0            0.0
   10 5.009998 4.0002         0.21     25.867269      23.070306                  6                   3            60.0            0.0
   11 5.009998 4.0002         0.26     25.800564      23.125390                  6                   1           100.0            0.0
   12 5.009998 4.0002         0.24     25.687166      23.220118                  2                   4           -40.0            0.0
   13 5.009998 4.0002         0.22     25.732842      23.181797                  3                   5           -40.0            0.0
   14 5.009998 4.0002         0.22     25.778100      23.144047                  4                   4             0.0            0.0
   15 5.009998 4.0002         0.18     25.778100      23.144047                  3                   7           -80.0            0.0
   16 5.009998 4.0002         0.19     25.867269      23.070306                  3                   2            20.0            0.0
   17 5.009998 4.0002         0.17     25.845152      23.088518                  3                   5           -40.0            0.0
   18 5.009998 4.0002         0.16     25.889264      23.052245                  4                   5           -20.0            0.0
   19 5.009998 4.0002         0.16     25.911136      23.034336                  2                   2             0.0            0.0
   20 5.009998 4.0002         0.20     25.911136      23.034336                  6                   2            80.0            0.0

Initial source distance: 1.414
Final source distance:   1.407
Final position:          (5.010, 4.000)
Final orientation:       0.200 rad

============================================================
TRIAL SEED: 50
============================================================

Left ORN indices:   762
Right ORN indices:  767
BPN indices:        32
DNg100 pair:        2/2
DNa02 pair:         2/2
Whole-brain edges:  3,732,460

=== SPATIAL OLFACTORY CLOSED-LOOP PILOT ===

 step    x   y  orientation  left_rate_hz  right_rate_hz  dna02_left_spikes  dna02_right_spikes  steering_drive  forward_drive
    1 5.01 4.0     0.000000     26.044530      22.613867                  1                   1             0.0           20.0
    2 5.01 4.0     6.273185     26.238400      22.766076                  1                   2           -20.0            0.0
    3 5.01 4.0     6.263185     26.257729      22.750932                  2                   3           -20.0            0.0
    4 5.01 4.0     6.263185     26.276884      22.735960                  4                   4             0.0            0.0
    5 5.01 4.0     0.040000     26.276884      22.735960                  7                   1           120.0            0.0
    6 5.01 4.0     0.050000     26.159401      22.828352                  4                   3            20.0            0.0
    7 5.01 4.0     0.070000     26.139244      22.844340                  4                   2            40.0            0.0
    8 5.01 4.0     0.050000     26.098460      22.876814                  3                   5           -40.0            0.0
    9 5.01 4.0     0.050000     26.139244      22.844340                  3                   3             0.0            0.0
   10 5.01 4.0     0.020000     26.139244      22.844340                  3                   6           -60.0            0.0
   11 5.01 4.0     6.253185     26.199232      22.796876                  1                   6          -100.0            0.0
   12 5.01 4.0     6.263185     26.295863      22.721160                  3                   2            20.0            0.0
   13 5.01 4.0     6.233185     26.276884      22.735960                  2                   5           -60.0            0.0
   14 5.01 4.0     6.233185     26.333282      22.692084                  3                   3             0.0            0.0
   15 5.01 4.0     6.233185     26.333282      22.692084                  6                   6             0.0            0.0
   16 5.01 4.0     6.283185     26.333282      22.692084                  5                   0           100.0            0.0
   17 5.01 4.0     0.010000     26.238400      22.766076                  5                   4            20.0            0.0
   18 5.01 4.0     0.070000     26.218900      22.781391                  7                   1           120.0            0.0
   19 5.01 4.0     0.120000     26.098460      22.876814                  6                   1           100.0            0.0
   20 5.01 4.0     0.120000     25.993884      22.960844                  4                   4             0.0            0.0

Initial source distance: 1.414
Final source distance:   1.407
Final position:          (5.010, 4.000)
Final orientation:       0.120 rad

============================================================
TRIAL SEED: 51
============================================================

Left ORN indices:   762
Right ORN indices:  767
BPN indices:        32
DNg100 pair:        2/2
DNa02 pair:         2/2
Whole-brain edges:  3,732,460

=== SPATIAL OLFACTORY CLOSED-LOOP PILOT ===

 step        x        y  orientation  left_rate_hz  right_rate_hz  dna02_left_spikes  dna02_right_spikes  steering_drive  forward_drive
    1 5.044991 3.999100     6.263185     26.044530      22.613867                  1                   3           -40.0           90.0
    2 5.054989 3.999300     0.020000     26.943095      23.253862                  4                   0            80.0           20.0
    3 5.059988 3.999400     0.020000     27.064347      23.471059                  0                   0             0.0           10.0
    4 5.064984 3.999600     0.040000     27.164311      23.549196                  2                   0            40.0           10.0
    5 5.069975 3.999900     0.060000     27.225811      23.660754                  3                   1            40.0           10.0
    6 5.074955 4.000349     0.090000     27.288435      23.774843                  6                   3            60.0           10.0
    7 5.074955 4.000349     0.140000     27.331808      23.909128                  5                   0           100.0            0.0
    8 5.074955 4.000349     0.190000     27.223302      23.995741                  6                   1           100.0            0.0
    9 5.074955 4.000349     0.190000     27.111086      24.086528                  4                   4             0.0            0.0
   10 5.074955 4.000349     0.240000     27.111086      24.086528                  6                   1           100.0            0.0
   11 5.074955 4.000349     0.270000     26.995525      24.181337                  5                   2            60.0            0.0
   12 5.074955 4.000349     0.310000     26.924737      24.240085                  6                   2            80.0            0.0
   13 5.079685 4.001969     0.330000     26.828826      24.320512                  3                   1            40.0           10.0
   14 5.079685 4.001969     0.340000     26.902366      24.465184                  2                   1            20.0            0.0
   15 5.079685 4.001969     0.310000     26.877854      24.486004                  3                   6           -60.0            0.0
   16 5.079685 4.001969     0.300000     26.951109      24.423973                  3                   4           -20.0            0.0
   17 5.079685 4.001969     0.290000     26.975332      24.403584                  3                   4           -20.0            0.0
   18 5.079685 4.001969     0.240000     26.999454      24.383343                  1                   6          -100.0            0.0
   19 5.079685 4.001969     0.240000     27.118427      24.284387                  3                   3             0.0            0.0
   20 5.079685 4.001969     0.250000     27.118427      24.284387                  4                   3            20.0            0.0

Initial source distance: 1.414
Final source distance:   1.358
Final position:          (5.080, 4.002)
Final orientation:       0.250 rad
