Loading current FlyWire brain...
Brain neurons:    139,255
Left Orco ORNs:   762
Right Orco ORNs:  767
Total Orco ORNs:  1,529

============================================================
TRIAL SEED: 42
============================================================

Left ORN indices:   762
Right ORN indices:  767
BPN indices:        32
DNg100 pair:        2/2
DNa02 pair:         2/2
Whole-brain edges:  3,732,460

=== SPATIAL OLFACTORY CLOSED-LOOP PILOT ===

 step        x        y  orientation  left_rate_hz  right_rate_hz  dna02_left_spikes  dna02_right_spikes  steering_drive  forward_drive
    1 5.034993 3.999300     6.263185      2.604453       2.261387                  1                   3           -40.0           70.0
    2 5.069930 3.997201     6.223185      2.675123       2.310485                  0                   4           -80.0           70.0
    3 5.089830 3.995205     6.183185      2.747188       2.354231                  0                   4           -80.0           40.0
    4 5.114619 3.991964     6.153185      2.789638       2.375419                  3                   6           -60.0           50.0
    5 5.114619 3.991964     6.143185      2.837019       2.403168                  2                   3           -20.0            0.0
    6 5.124475 3.990272     6.113185      2.838690       2.401919                  1                   4           -60.0           20.0
    7 5.134313 3.988482     6.103185      2.859402       2.410048                  2                   3           -20.0           20.0
    8 5.144072 3.986299     6.063185      2.876491       2.420366                  2                   6           -80.0           20.0
    9 5.148929 3.985111     6.043185      2.896891       2.426523                  2                   4           -40.0           10.0
   10 5.148929 3.985111     6.003185      2.906610       2.429499                  2                   6           -80.0            0.0
   11 5.158512 3.982251     5.993185      2.911903       2.425648                  3                   4           -20.0           20.0
   12 5.158512 3.982251     5.923185      2.925495       2.433670                  0                   7          -140.0            0.0
   13 5.163155 3.980397     5.903185      2.933384       2.427987                  4                   6           -40.0           10.0
   14 5.163155 3.980397     5.853185      2.940192       2.430003                  2                   7          -100.0            0.0
   15 5.163155 3.980397     5.833185      2.944610       2.426851                  1                   3           -40.0            0.0
   16 5.163155 3.980397     5.773185      2.946165       2.425745                  2                   8          -120.0            0.0
   17 5.167494 3.977912     5.763185      2.950096       2.422959                  3                   4           -20.0           10.0
   18 5.167494 3.977912     5.753185      2.953269       2.424429                  4                   5           -20.0            0.0
   19 5.167494 3.977912     5.723185      2.953773       2.424073                  2                   5           -60.0            0.0
   20 5.167494 3.977912     5.703185      2.955096       2.423139                  3                   5           -40.0            0.0

Initial source distance: 1.414
Final source distance:   1.318
Final position:          (5.167, 3.978)
Final orientation:       5.703 rad

============================================================
TRIAL SEED: 43
============================================================

Left ORN indices:   762
Right ORN indices:  767
BPN indices:        32
DNg100 pair:        2/2
DNa02 pair:         2/2
Whole-brain edges:  3,732,460

=== SPATIAL OLFACTORY CLOSED-LOOP PILOT ===

 step        x        y  orientation  left_rate_hz  right_rate_hz  dna02_left_spikes  dna02_right_spikes  steering_drive  forward_drive
    1 5.030000 4.000000 0.000000e+00      2.604453       2.261387                  2                   2             0.0           60.0
    2 5.065000 4.000000 0.000000e+00      2.662776       2.307098                  2                   2             0.0           70.0
    3 5.080000 4.000000 0.000000e+00      2.731383       2.360564                  3                   3             0.0           30.0
    4 5.089988 4.000500 5.000000e-02      2.760945       2.383499                  6                   1           100.0           20.0
    5 5.134805 4.004544 9.000000e-02      2.771525       2.407574                  5                   1            80.0           90.0
    6 5.139780 4.005043 1.000000e-01      2.860172       2.490640                  3                   2            20.0           10.0
    7 5.164679 4.007290 9.000000e-02      2.868955       2.500969                  3                   4           -20.0           50.0
    8 5.189554 4.009786 1.000000e-01      2.925768       2.541945                  4                   3            20.0           50.0
    9 5.199470 4.011083 1.300000e-01      2.979050       2.586924                  5                   2            60.0           20.0
   10 5.234077 4.016313 1.500000e-01      2.995153       2.610111                  5                   3            40.0           70.0
   11 5.234077 4.016313 1.600000e-01      3.072473       2.677929                  3                   2            20.0            0.0
   12 5.234077 4.016313 1.800000e-01      3.070109       2.679777                  4                   2            40.0            0.0
   13 5.234077 4.016313 1.500000e-01      3.065325       2.683531                  1                   4           -60.0            0.0
   14 5.234077 4.016313 1.100000e-01      3.072473       2.677929                  1                   5           -80.0            0.0
   15 5.234077 4.016313 1.100000e-01      3.081735       2.670736                  3                   3             0.0            0.0
   16 5.234077 4.016313 1.000000e-01      3.081735       2.670736                  2                   3           -20.0            0.0
   17 5.234077 4.016313 4.000000e-02      3.084001       2.668987                  0                   6          -120.0            0.0
   18 5.234077 4.016313 2.775558e-17      3.097151       2.658925                  1                   5           -80.0            0.0
   19 5.234077 4.016313 6.233185e+00      3.105473       2.652632                  2                   7          -100.0            0.0
   20 5.234077 4.016313 6.173185e+00      3.115341       2.645244                  2                   8          -120.0            0.0

Initial source distance: 1.414
Final source distance:   1.247
Final position:          (5.234, 4.016)
Final orientation:       6.173 rad

============================================================
TRIAL SEED: 44
============================================================

Left ORN indices:   762
Right ORN indices:  767
BPN indices:        32
DNg100 pair:        2/2
DNa02 pair:         2/2
Whole-brain edges:  3,732,460

=== SPATIAL OLFACTORY CLOSED-LOOP PILOT ===

 step        x        y  orientation  left_rate_hz  right_rate_hz  dna02_left_spikes  dna02_right_spikes  steering_drive  forward_drive
    1 5.005000 4.000000     0.000000      2.604453       2.261387                  0                   0             0.0           10.0
    2 5.049998 4.000450     0.010000      2.614140       2.268995                  4                   3            20.0           90.0
    3 5.049998 4.000450     0.050000      2.700773       2.339968                  4                   0            80.0            0.0
    4 5.049998 4.000450     0.050000      2.692711       2.346295                  4                   4             0.0            0.0
    5 5.049998 4.000450     0.040000      2.692711       2.346295                  3                   4           -20.0            0.0
    6 5.049998 4.000450     0.060000      2.694752       2.344687                  4                   2            40.0            0.0
    7 5.049998 4.000450     0.090000      2.690653       2.347920                  5                   2            60.0            0.0
    8 5.049998 4.000450     0.030000      2.684380       2.352897                  1                   7          -120.0            0.0
    9 5.049998 4.000450     0.010000      2.696776       2.343096                  3                   5           -40.0            0.0
   10 5.049998 4.000450     6.273185      2.700773       2.339968                  2                   4           -40.0            0.0
   11 5.049998 4.000450     6.223185      2.704698       2.336911                  2                   7          -100.0            0.0
   12 5.049998 4.000450     6.183185      2.714183       2.329581                  2                   6           -80.0            0.0
   13 5.054978 4.000001     6.193185      2.721419       2.324047                  4                   3            20.0           10.0
   14 5.054978 4.000001     6.193185      2.728583       2.332225                  2                   2             0.0            0.0
   15 5.054978 4.000001     6.163185      2.728583       2.332225                  2                   5           -60.0            0.0
   16 5.054978 4.000001     6.103185      2.733854       2.328218                  0                   6          -120.0            0.0
   17 5.054978 4.000001     6.073185      2.743813       2.320716                  1                   4           -60.0            0.0
   18 5.054978 4.000001     6.043185      2.748488       2.317225                  2                   5           -60.0            0.0
   19 5.054978 4.000001     6.023185      2.752951       2.313910                  2                   4           -40.0            0.0
   20 5.054978 4.000001     6.003185      2.755806       2.311799                  2                   4           -40.0            0.0

Initial source distance: 1.414
Final source distance:   1.376
Final position:          (5.055, 4.000)
Final orientation:       6.003 rad

============================================================
TRIAL SEED: 45
============================================================

Left ORN indices:   762
Right ORN indices:  767
BPN indices:        32
DNg100 pair:        2/2
DNa02 pair:         2/2
Whole-brain edges:  3,732,460

=== SPATIAL OLFACTORY CLOSED-LOOP PILOT ===

 step        x        y  orientation  left_rate_hz  right_rate_hz  dna02_left_spikes  dna02_right_spikes  steering_drive  forward_drive
    1 5.040000 4.000000     0.000000      2.604453       2.261387                  1                   1             0.0           80.0
    2 5.099988 4.001200     0.020000      2.682321       2.322363                  2                   0            40.0          120.0
    3 5.119979 4.001800     0.030000      2.798833       2.419403                  3                   2            20.0           40.0
    4 5.134942 4.002849     0.070000      2.837700       2.452722                  5                   1            80.0           30.0
    5 5.144910 4.003648     0.080000      2.861277       2.484160                  4                   3            20.0           20.0
    6 5.149890 4.004098     0.090000      2.880677       2.502663                  4                   3            20.0           10.0
    7 5.149890 4.004098     0.140000      2.889396       2.512870                  6                   1           100.0            0.0
    8 5.149890 4.004098     0.150000      2.878279       2.521617                  3                   2            20.0            0.0
    9 5.149890 4.004098     0.140000      2.876004       2.523421                  3                   4           -20.0            0.0
   10 5.149890 4.004098     0.110000      2.878279       2.521617                  2                   5           -60.0            0.0
   11 5.154870 4.004547     0.090000      2.885002       2.516314                  3                   5           -40.0           10.0
   12 5.164838 4.005346     0.080000      2.900298       2.521388                  3                   4           -20.0           20.0
   13 5.174820 4.005946     0.060000      2.924131       2.536552                  3                   5           -40.0           20.0
   14 5.179816 4.006146     0.040000      2.949751       2.549698                  3                   5           -40.0           10.0
   15 5.179816 4.006146     0.010000      2.964451       2.554484                  1                   4           -60.0            0.0
   16 5.179816 4.006146     6.263185      2.970641       2.549749                  1                   4           -60.0            0.0
   17 5.179816 4.006146     6.243185      2.976637       2.545193                  2                   4           -40.0            0.0
   18 5.179816 4.006146     6.243185      2.980523       2.542257                  3                   3             0.0            0.0
   19 5.179816 4.006146     6.233185      2.980523       2.542257                  1                   2           -20.0            0.0
   20 5.184812 4.005946     6.243185      2.982432       2.540820                  4                   3            20.0           10.0

Initial source distance: 1.414
Final source distance:   1.286
Final position:          (5.185, 4.006)
Final orientation:       6.243 rad

============================================================
TRIAL SEED: 46
============================================================

Left ORN indices:   762
Right ORN indices:  767
BPN indices:        32
DNg100 pair:        2/2
DNa02 pair:         2/2
Whole-brain edges:  3,732,460

=== SPATIAL OLFACTORY CLOSED-LOOP PILOT ===

 step        x        y  orientation  left_rate_hz  right_rate_hz  dna02_left_spikes  dna02_right_spikes  steering_drive  forward_drive
    1 5.030000 4.000000     0.000000      2.604453       2.261387                  1                   1             0.0           60.0
    2 5.030000 4.000000     0.010000      2.662776       2.307098                  1                   0            20.0            0.0
    3 5.064984 4.001050     0.030000      2.660816       2.308632                  4                   2            40.0           70.0
    4 5.079984 4.000900     6.273185      2.727348       2.367102                  1                   5           -80.0           30.0
    5 5.084981 4.000750     6.253185      2.764616       2.383598                  2                   4           -40.0           10.0
    6 5.084981 4.000750     6.213185      2.778082       2.387986                  2                   6           -80.0            0.0
    7 5.094941 3.999851     6.193185      2.785595       2.382236                  3                   5           -40.0           20.0
    8 5.094941 3.999851     6.163185      2.807166       2.393073                  2                   5           -60.0            0.0
    9 5.094941 3.999851     6.123185      2.812446       2.389086                  2                   6           -80.0            0.0
   10 5.094941 3.999851     6.083185      2.819170       2.384045                  1                   5           -80.0            0.0
   11 5.094941 3.999851     6.013185      2.825518       2.379322                  0                   7          -140.0            0.0
   12 5.094941 3.999851     5.973185      2.835679       2.371835                  0                   4           -80.0            0.0
   13 5.094941 3.999851     5.973185      2.840918       2.368008                  5                   5             0.0            0.0
   14 5.094941 3.999851     5.983185      2.840918       2.368008                  4                   3            20.0            0.0
   15 5.094941 3.999851     5.943185      2.839648       2.368933                  2                   6           -80.0            0.0
   16 5.094941 3.999851     5.873185      2.844568       2.365356                  0                   7          -140.0            0.0
   17 5.099399 3.997587     5.813185      2.852121       2.359902                  0                   6          -120.0           10.0
   18 5.099399 3.997587     5.783185      2.861502       2.358923                  1                   4           -60.0            0.0
   19 5.099399 3.997587     5.773185      2.863764       2.357310                  3                   4           -20.0            0.0
   20 5.099399 3.997587     5.703185      2.864458       2.356816                  1                   8          -140.0            0.0

Initial source distance: 1.414
Final source distance:   1.348
Final position:          (5.099, 3.998)
Final orientation:       5.703 rad

============================================================
TRIAL SEED: 47
============================================================

Left ORN indices:   762
Right ORN indices:  767
BPN indices:        32
DNg100 pair:        2/2
DNa02 pair:         2/2
Whole-brain edges:  3,732,460

=== SPATIAL OLFACTORY CLOSED-LOOP PILOT ===

 step        x        y  orientation  left_rate_hz  right_rate_hz  dna02_left_spikes  dna02_right_spikes  steering_drive  forward_drive
    1 5.025000 4.000000     0.000000      2.604453       2.261387                  1                   1             0.0           50.0
    2 5.064992 4.000800     0.020000      2.653023       2.299470                  3                   1            40.0           80.0
    3 5.099948 4.002549     0.050000      2.728906       2.365087                  5                   2            60.0           70.0
    4 5.139898 4.004548     0.050000      2.795261       2.426666                  3                   3             0.0           80.0
    5 5.159834 4.006147     0.080000      2.878912       2.491790                  4                   1            60.0           40.0
    6 5.159834 4.006147     0.060000      2.915793       2.530508                  2                   4           -40.0            0.0
    7 5.184833 4.006397     0.010000      2.920094       2.527169                  1                   6          -100.0           50.0
    8 5.204817 4.005597     6.243185      2.981278       2.557928                  0                   5          -100.0           40.0
    9 5.204817 4.005597     6.213185      3.029515       2.579273                  2                   5           -60.0            0.0
   10 5.214785 4.004798     6.203185      3.035151       2.575058                  2                   3           -20.0           20.0
   11 5.244604 4.001504     6.173185      3.055127       2.587185                  1                   4           -60.0           60.0
   12 5.244604 4.001504     6.133185      3.112127       2.621298                  2                   6           -80.0            0.0
   13 5.244604 4.001504     6.123185      3.118747       2.616454                  3                   4           -20.0            0.0
   14 5.244604 4.001504     6.103185      3.120333       2.615299                  3                   5           -40.0            0.0
   15 5.244604 4.001504     6.053185      3.123420       2.613056                  2                   7          -100.0            0.0
   16 5.244604 4.001504     5.973185      3.130632       2.607845                  0                   8          -160.0            0.0
   17 5.244604 4.001504     5.933185      3.140616       2.600697                  1                   5           -80.0            0.0
   18 5.244604 4.001504     5.903185      3.144863       2.597680                  3                   6           -60.0            0.0
   19 5.244604 4.001504     5.843185      3.147714       2.595662                  1                   7          -120.0            0.0
   20 5.253427 3.996798     5.793185      3.152536       2.592263                  2                   7          -100.0           20.0

Initial source distance: 1.414
Final source distance:   1.251
Final position:          (5.253, 3.997)
Final orientation:       5.793 rad

============================================================
TRIAL SEED: 48
============================================================

Left ORN indices:   762
Right ORN indices:  767
BPN indices:        32
DNg100 pair:        2/2
DNa02 pair:         2/2
Whole-brain edges:  3,732,460

=== SPATIAL OLFACTORY CLOSED-LOOP PILOT ===

 step        x        y  orientation  left_rate_hz  right_rate_hz  dna02_left_spikes  dna02_right_spikes  steering_drive  forward_drive
    1 5.020000 4.000000     0.000000      2.604453       2.261387                  1                   1             0.0           40.0
    2 5.035000 4.000000     0.000000      2.643282       2.291845                  0                   0             0.0           30.0
    3 5.069998 4.000350     0.010000      2.672542       2.314729                  2                   1            20.0           70.0
    4 5.094987 4.001100     0.030000      2.739911       2.370378                  5                   3            40.0           50.0
    5 5.099987 4.001050     6.273185      2.786697       2.413136                  2                   6           -80.0           10.0
    6 5.114975 4.000450     6.243185      2.804512       2.414500                  1                   4           -60.0           30.0
    7 5.114975 4.000450     6.223185      2.838859       2.431857                  3                   5           -40.0            0.0
    8 5.114975 4.000450     6.183185      2.842624       2.428991                  1                   5           -80.0            0.0
    9 5.124903 3.999253     6.163185      2.849893       2.423493                  2                   4           -40.0           20.0
   10 5.124903 3.999253     6.123185      2.870641       2.433790                  0                   4           -80.0            0.0
   11 5.124903 3.999253     6.093185      2.877343       2.428791                  2                   5           -60.0            0.0
   12 5.124903 3.999253     6.063185      2.882114       2.425256                  2                   5           -60.0            0.0
   13 5.124903 3.999253     5.993185      2.886659       2.421906                  0                   7          -140.0            0.0
   14 5.124903 3.999253     5.963185      2.896352       2.414819                  1                   4           -60.0            0.0
   15 5.124903 3.999253     5.933185      2.900102       2.412099                  2                   5           -60.0            0.0
   16 5.124903 3.999253     5.873185      2.903602       2.409570                  1                   7          -120.0            0.0
   17 5.124903 3.999253     5.813185      2.909833       2.405093                  1                   7          -120.0            0.0
   18 5.124903 3.999253     5.763185      2.915009       2.401397                  0                   5          -100.0            0.0
   19 5.124903 3.999253     5.713185      2.918497       2.398919                  1                   6          -100.0            0.0
   20 5.137283 3.990783     5.683185      2.921218       2.396992                  1                   4           -60.0           30.0

Initial source distance: 1.414
Final source distance:   1.328
Final position:          (5.137, 3.991)
Final orientation:       5.683 rad

============================================================
TRIAL SEED: 49
============================================================

Left ORN indices:   762
Right ORN indices:  767
BPN indices:        32
DNg100 pair:        2/2
DNa02 pair:         2/2
Whole-brain edges:  3,732,460

=== SPATIAL OLFACTORY CLOSED-LOOP PILOT ===

 step        x        y  orientation  left_rate_hz  right_rate_hz  dna02_left_spikes  dna02_right_spikes  steering_drive  forward_drive
    1 5.000000 4.000000     0.000000      2.604453       2.261387                  0                   0             0.0            0.0
    2 5.054956 4.002199     0.040000      2.604453       2.261387                  5                   1            80.0          110.0
    3 5.084835 4.004896     0.090000      2.707734       2.355397                  5                   0           100.0           60.0
    4 5.104735 4.006892     0.100000      2.761379       2.414483                  2                   1            20.0           40.0
    5 5.139439 4.011430     0.130000      2.802678       2.450625                  4                   1            60.0           70.0
    6 5.183999 4.017709     0.140000      2.874702       2.518367                  5                   4            20.0           90.0
    7 5.188979 4.018158     0.090000      2.975958       2.602020                  0                   5          -100.0           10.0
    8 5.198966 4.018658     0.050000      2.998477       2.601781                  2                   6           -80.0           20.0
    9 5.228942 4.019858     0.040000      3.028756       2.611533                  3                   4           -20.0           60.0
   10 5.228942 4.019858     0.010000      3.094934       2.658744                  3                   6           -60.0            0.0
   11 5.228942 4.019858     6.263185      3.101241       2.653963                  1                   4           -60.0            0.0
   12 5.228942 4.019858     6.183185      3.107341       2.649372                  0                   8          -160.0            0.0
   13 5.228942 4.019858     6.133185      3.122525       2.638073                  0                   5          -100.0            0.0
   14 5.228942 4.019858     6.093185      3.131169       2.631724                  1                   5           -80.0            0.0
   15 5.233832 4.018816     6.073185      3.137589       2.627047                  2                   4           -40.0           10.0
   16 5.233832 4.018816     6.053185      3.148065       2.630223                  3                   5           -40.0            0.0
   17 5.233832 4.018816     6.043185      3.150975       2.628123                  3                   4           -20.0            0.0
   18 5.238651 4.017482     6.013185      3.152385       2.627107                  2                   5           -60.0           10.0
   19 5.238651 4.017482     5.983185      3.162938       2.628856                  1                   4           -60.0            0.0
   20 5.238651 4.017482     5.953185      3.166688       2.626176                  1                   4           -60.0            0.0

Initial source distance: 1.414
Final source distance:   1.243
Final position:          (5.239, 4.017)
Final orientation:       5.953 rad

============================================================
TRIAL SEED: 50
============================================================

Left ORN indices:   762
Right ORN indices:  767
BPN indices:        32
DNg100 pair:        2/2
DNa02 pair:         2/2
Whole-brain edges:  3,732,460

=== SPATIAL OLFACTORY CLOSED-LOOP PILOT ===

 step        x        y  orientation  left_rate_hz  right_rate_hz  dna02_left_spikes  dna02_right_spikes  steering_drive  forward_drive
    1 5.020000 4.000000 0.000000e+00      2.604453       2.261387                  1                   1             0.0           40.0
    2 5.069938 4.002499 5.000000e-02      2.643282       2.291845                  5                   0           100.0          100.0
    3 5.079897 4.003398 9.000000e-02      2.735761       2.380528                  4                   0            80.0           20.0
    4 5.079897 4.003398 1.500000e-01      2.748732       2.404110                  7                   1           120.0            0.0
    5 5.084861 4.003996 1.200000e-01      2.735600       2.414599                  2                   5           -60.0           10.0
    6 5.099813 4.005195 8.000000e-02      2.753193       2.418025                  2                   6           -80.0           30.0
    7 5.099813 4.005195 6.000000e-02      2.793859       2.436411                  2                   4           -40.0            0.0
    8 5.099813 4.005195 6.000000e-02      2.798104       2.433076                  2                   2             0.0            0.0
    9 5.099813 4.005195 6.000000e-02      2.798104       2.433076                  4                   4             0.0            0.0
   10 5.109789 4.005894 7.000000e-02      2.798104       2.433076                  4                   3            20.0           20.0
   11 5.129740 4.007293 7.000000e-02      2.817252       2.451421                  2                   2             0.0           40.0
   12 5.129740 4.007293 6.000000e-02      2.859970       2.484851                  2                   3           -20.0            0.0
   13 5.129740 4.007293 6.938894e-18      2.862103       2.483187                  0                   6          -120.0            0.0
   14 5.129740 4.007293 6.243185e+00      2.874498       2.473598                  1                   5           -80.0            0.0
   15 5.129740 4.007293 6.203185e+00      2.882358       2.467589                  1                   5           -80.0            0.0
   16 5.159558 4.004000 6.173185e+00      2.889875       2.461893                  4                   7           -60.0           60.0
   17 5.159558 4.004000 6.113185e+00      2.948061       2.497302                  0                   6          -120.0            0.0
   18 5.159558 4.004000 6.043185e+00      2.958129       2.489836                  1                   8          -140.0            0.0
   19 5.159558 4.004000 5.993185e+00      2.968703       2.482085                  0                   5          -100.0            0.0
   20 5.159558 4.004000 5.963185e+00      2.975442       2.477193                  2                   5           -60.0            0.0

Initial source distance: 1.414
Final source distance:   1.303
Final position:          (5.160, 4.004)
Final orientation:       5.963 rad

============================================================
TRIAL SEED: 51
============================================================

Left ORN indices:   762
Right ORN indices:  767
BPN indices:        32
DNg100 pair:        2/2
DNa02 pair:         2/2
Whole-brain edges:  3,732,460

=== SPATIAL OLFACTORY CLOSED-LOOP PILOT ===

 step        x        y  orientation  left_rate_hz  right_rate_hz  dna02_left_spikes  dna02_right_spikes  steering_drive  forward_drive
    1 5.045000 4.000000     0.000000      2.604453       2.261387                  1                   1             0.0           90.0
    2 5.064999 4.000200     0.010000      2.692111       2.329999                  3                   2            20.0           40.0
    3 5.064999 4.000200     0.020000      2.729783       2.362460                  4                   3            20.0            0.0
    4 5.074987 4.000700     0.050000      2.727787       2.364017                  5                   2            60.0           20.0
    5 5.084962 4.001399     0.070000      2.742301       2.384984                  5                   3            40.0           20.0
    6 5.124864 4.004197     0.070000      2.759158       2.404828                  2                   2             0.0           80.0
    7 5.144860 4.004597     0.020000      2.843924       2.471336                  2                   7          -100.0           40.0
    8 5.154858 4.004397     6.263185      2.895160       2.494690                  1                   5           -80.0           20.0
    9 5.154858 4.004397     6.213185      2.922772       2.503485                  2                   7          -100.0            0.0
   10 5.159833 4.003898     6.183185      2.932298       2.496278                  2                   5           -60.0           10.0
   11 5.159833 4.003898     6.163185      2.946625       2.498839                  1                   3           -40.0            0.0
   12 5.159833 4.003898     6.153185      2.950129       2.496225                  4                   5           -20.0            0.0
   13 5.194386 3.998322     6.123185      2.951845       2.494950                  3                   6           -60.0           70.0
   14 5.194386 3.998322     6.073185      3.013289       2.532820                  2                   7          -100.0            0.0
   15 5.199243 3.997133     6.043185      3.020938       2.527228                  2                   5           -60.0           10.0
   16 5.204019 3.995655     5.983185      3.032067       2.529111                  1                   7          -120.0           10.0
   17 5.204019 3.995655     5.933185      3.045732       2.527834                  1                   6          -100.0            0.0
   18 5.204019 3.995655     5.923185      3.051295       2.523855                  3                   4           -20.0            0.0
   19 5.204019 3.995655     5.883185      3.052316       2.523127                  1                   5           -80.0            0.0
   20 5.204019 3.995655     5.833185      3.056093       2.520442                  2                   7          -100.0            0.0

Initial source distance: 1.414
Final source distance:   1.282
Final position:          (5.204, 3.996)
Final orientation:       5.833 rad
