Loading current FlyWire brain...
Brain neurons:    139,255
Left Orco ORNs:   762
Right Orco ORNs:  767
Total Orco ORNs:  1,529

============================================================
TRIAL SEED: 42
============================================================

Left ORN indices:   762
Right ORN indices:  767
BPN indices:        32
DNg100 pair:        2/2
DNa02 pair:         2/2
Whole-brain edges:  3,732,460

=== SPATIAL OLFACTORY CLOSED-LOOP PILOT ===

 step        x        y  orientation  left_rate_hz  right_rate_hz  dna02_left_spikes  dna02_right_spikes  steering_drive  forward_drive
    1 5.034993 3.999300     6.263185     26.044530      22.613867                  1                   3           -40.0           70.0
    2 5.084931 3.996801     6.233185     26.751227      23.104853                  0                   3           -60.0          100.0
    3 5.134908 3.995301     6.253185     27.740601      23.777800                  4                   2            40.0          100.0
    4 5.154892 3.994502     6.243185     28.658911      24.538298                  1                   2           -20.0           40.0
    5 5.194860 3.992902     6.243185     29.056279      24.810799                  4                   4             0.0           80.0
    6 5.229858 3.992552     6.273185     29.811117      25.380172                  5                   2            60.0           70.0
    7 5.289750 3.996150     0.060000     30.435553      25.937574                  7                   0           140.0          120.0
    8 5.339391 4.002135     0.120000     31.556923      27.003021                  8                   2           120.0          100.0
    9 5.383816 4.009305     0.160000     32.549252      27.955874                  5                   1            80.0           90.0
   10 5.442736 4.020636     0.190000     33.512711      28.827554                  6                   3            60.0          120.0
   11 5.476733 4.028956     0.240000     34.895774      29.982010                  6                   1           100.0           70.0
   12 5.529740 4.043626     0.270000     35.664875      30.752617                  5                   2            60.0          110.0
   13 5.567954 4.055447     0.300000     37.037269      31.905575                  7                   4            60.0           80.0
   14 5.601065 4.066788     0.330000     38.045455      32.783340                  5                   2            60.0           70.0
   15 5.643181 4.082641     0.360000     38.944396      33.580829                  6                   3            60.0           90.0
   16 5.693622 4.104564     0.410000     40.159824      34.615552                  5                   0           100.0          110.0
   17 5.724984 4.120102     0.460000     41.680775      35.969709                  5                   0           100.0           70.0
   18 5.764475 4.141677     0.500000     42.639054      36.914900                  5                   1            80.0           90.0
   19 5.815311 4.173548     0.560000     43.996913      38.117427                  6                   0           120.0          120.0
   20 5.866462 4.204909     0.550000     45.890290      39.826889                  2                   3           -20.0          120.0

Initial source distance: 1.414
Final source distance:   0.806
Final position:          (5.866, 4.205)
Final orientation:       0.550 rad

============================================================
TRIAL SEED: 43
============================================================

Left ORN indices:   762
Right ORN indices:  767
BPN indices:        32
DNg100 pair:        2/2
DNa02 pair:         2/2
Whole-brain edges:  3,732,460

=== SPATIAL OLFACTORY CLOSED-LOOP PILOT ===

 step        x        y  orientation  left_rate_hz  right_rate_hz  dna02_left_spikes  dna02_right_spikes  steering_drive  forward_drive
    1 5.030000 4.000000         0.00     26.044530      22.613867                  2                   2             0.0           60.0
    2 5.079960 4.001999         0.04     26.627763      23.070979                  5                   1            80.0          100.0
    3 5.129838 4.005497         0.07     27.566642      23.933731                  5                   2            60.0          100.0
    4 5.149802 4.006696         0.06     28.565005      24.814998                  3                   4           -20.0           40.0
    5 5.179728 4.008794         0.07     29.011127      25.128739                  3                   2            20.0           60.0
    6 5.229426 4.014283         0.11     29.636498      25.647065                  5                   1            80.0          100.0
    7 5.263921 4.020204         0.17     30.676019      26.592029                  7                   1           120.0           70.0
    8 5.313022 4.029647         0.19     31.375894      27.357945                  4                   2            40.0          100.0
    9 5.376001 4.045729         0.25     32.562646      28.359177                  7                   1           120.0          130.0
   10 5.409438 4.056072         0.30     34.124402      29.820298                  6                   1           100.0           70.0
   11 5.451392 4.072345         0.37     34.963556      30.691284                  7                   0           140.0           90.0
   12 5.516136 4.098958         0.39     36.098137      31.908927                  5                   3            40.0          140.0
   13 5.552660 4.115268         0.42     38.199426      33.655829                  5                   2            60.0           80.0
   14 5.610011 4.145859         0.49     39.394427      34.738154                  7                   0           140.0          130.0
   15 5.658012 4.172709         0.51     41.402348      36.683983                  4                   2            40.0          110.0
   16 5.704317 4.202388         0.57     43.306321      38.273752                  6                   0           120.0          110.0
   17 5.744422 4.232248         0.64     45.180916      40.078429                  7                   0           140.0          100.0
   18 5.794553 4.273623         0.69     46.935732      41.883136                  6                   1           100.0          130.0
   19 5.829543 4.301919         0.68     49.519110      44.223371                  3                   4           -20.0           90.0
   20 5.865367 4.329152         0.65     51.542807      45.691343                  3                   6           -60.0           90.0

Initial source distance: 1.414
Final source distance:   0.684
Final position:          (5.865, 4.329)
Final orientation:       0.650 rad

============================================================
TRIAL SEED: 44
============================================================

Left ORN indices:   762
Right ORN indices:  767
BPN indices:        32
DNg100 pair:        2/2
DNa02 pair:         2/2
Whole-brain edges:  3,732,460

=== SPATIAL OLFACTORY CLOSED-LOOP PILOT ===

 step        x        y  orientation  left_rate_hz  right_rate_hz  dna02_left_spikes  dna02_right_spikes  steering_drive  forward_drive
    1 5.005000 4.000000     0.000000     26.044530      22.613867                  0                   0             0.0           10.0
    2 5.044968 3.998400     6.243185     26.141395      22.689949                  1                   5           -80.0           80.0
    3 5.094846 3.994903     6.213185     26.967698      23.211816                  2                   5           -60.0          100.0
    4 5.149821 3.993254     6.253185     27.935317      23.865670                  5                   1            80.0          110.0
    5 5.189819 3.993654     0.010000     28.910626      24.724113                  5                   1            80.0           80.0
    6 5.224803 3.994703     0.030000     29.631209      25.393404                  4                   2            40.0           70.0
    7 5.269747 3.996952     0.050000     30.305792      25.968548                  5                   3            40.0           90.0
    8 5.324524 4.001896     0.090000     31.204455      26.713192                  5                   1            80.0          110.0
    9 5.393839 4.011664     0.140000     32.318929      27.687407                  6                   1           100.0          140.0
   10 5.428335 4.017585     0.170000     33.818259      28.991539                  4                   1            60.0           70.0
   11 5.491907 4.031135     0.210000     34.579802      29.670726                  6                   2            80.0          130.0
   12 5.540226 4.043989     0.260000     36.092660      30.953467                  7                   2           100.0          100.0
   13 5.578440 4.055810     0.300000     37.268486      32.025655                  6                   2            80.0           80.0
   14 5.606821 4.065531     0.330000     38.247057      32.917402                  3                   0            60.0           60.0
   15 5.653254 4.084077     0.380000     39.002754      33.605467                  5                   0           100.0          100.0
   16 5.703696 4.106001     0.410000     40.326586      34.810727                  5                   2            60.0          110.0
   17 5.758481 4.130466     0.420000     41.900653      36.112777                  5                   4            20.0          120.0
   18 5.794323 4.148224     0.460000     43.699083      37.471538                  6                   2            80.0           80.0
   19 5.842324 4.175074     0.510000     44.836535      38.477488                  5                   0           100.0          110.0
   20 5.891844 4.208953     0.600000     46.486479      39.904831                  9                   0           180.0          120.0

Initial source distance: 1.414
Final source distance:   0.798
Final position:          (5.892, 4.209)
Final orientation:       0.600 rad

============================================================
TRIAL SEED: 45
============================================================

Left ORN indices:   762
Right ORN indices:  767
BPN indices:        32
DNg100 pair:        2/2
DNa02 pair:         2/2
Whole-brain edges:  3,732,460

=== SPATIAL OLFACTORY CLOSED-LOOP PILOT ===

 step        x        y  orientation  left_rate_hz  right_rate_hz  dna02_left_spikes  dna02_right_spikes  steering_drive  forward_drive
    1 5.040000 4.000000         0.00     26.044530      22.613867                  1                   1             0.0           80.0
    2 5.084980 4.001350         0.03     26.823207      23.223627                  3                   0            60.0           90.0
    3 5.154808 4.006246         0.07     27.673797      23.982739                  6                   2            80.0          140.0
    4 5.199429 4.012079         0.13     29.080765      25.213221                  6                   0           120.0           90.0
    5 5.263699 4.021793         0.15     29.972730      26.121559                  5                   3            40.0          130.0
    6 5.327403 4.034706         0.20     31.457193      27.353428                  6                   1           100.0          130.0
    7 5.375970 4.046591         0.24     32.961939      28.717501                  5                   1            80.0          100.0
    8 5.428673 4.062319         0.29     34.173855      29.821564                  7                   2           100.0          110.0
    9 5.475642 4.079464         0.35     35.567241      31.119249                  6                   0           120.0          100.0
   10 5.535511 4.104776         0.40     36.873615      32.411964                  6                   1           100.0          130.0
   11 5.571870 4.121451         0.43     38.756901      34.125231                  6                   3            60.0           80.0
   12 5.616892 4.143199         0.45     39.966492      35.217395                  4                   2            40.0          100.0
   13 5.665677 4.168597         0.48     41.584476      36.571208                  4                   1            60.0          110.0
   14 5.713678 4.195447         0.51     43.409157      38.130097                  5                   2            60.0          110.0
   15 5.739253 4.211127         0.55     45.306846      39.736050                  5                   1            80.0           60.0
   16 5.785259 4.241269         0.58     46.296492      40.712204                  6                   3            60.0          110.0
   17 5.817814 4.264510         0.62     48.340185      42.425239                  5                   1            80.0           80.0
   18 5.849414 4.289035         0.66     49.815600      43.768836                  5                   1            80.0           80.0
   19 5.884120 4.317679         0.69     51.347968      45.158435                  5                   2            60.0           90.0
   20 5.928021 4.358577         0.75     53.191855      46.708713                  6                   0           120.0          120.0

Initial source distance: 1.414
Final source distance:   0.645
Final position:          (5.928, 4.359)
Final orientation:       0.750 rad

============================================================
TRIAL SEED: 46
============================================================

Left ORN indices:   762
Right ORN indices:  767
BPN indices:        32
DNg100 pair:        2/2
DNa02 pair:         2/2
Whole-brain edges:  3,732,460

=== SPATIAL OLFACTORY CLOSED-LOOP PILOT ===

 step        x        y  orientation  left_rate_hz  right_rate_hz  dna02_left_spikes  dna02_right_spikes  steering_drive  forward_drive
    1 5.030000 4.000000         0.00     26.044530      22.613867                  1                   1             0.0           60.0
    2 5.049991 4.000600         0.03     26.627763      23.070979                  3                   0            60.0           40.0
    3 5.104856 4.004447         0.07     26.970406      23.433523                  6                   2            80.0          110.0
    4 5.154654 4.008941         0.09     28.045536      24.410782                  6                   4            40.0          100.0
    5 5.189312 4.013825         0.14     29.090901      25.298701                  6                   1           100.0           70.0
    6 5.248342 4.024566         0.18     29.783080      26.020954                  6                   2            80.0          120.0
    7 5.287196 4.034075         0.24     31.135946      27.237662                  6                   0           120.0           80.0
    8 5.325638 4.045129         0.28     32.013618      28.172276                  4                   0            80.0           80.0
    9 5.383132 4.062286         0.29     32.982947      29.111968                  6                   5            20.0          120.0
   10 5.411415 4.072291         0.34     34.616183      30.445586                  6                   1           100.0           60.0
   11 5.466679 4.095656         0.40     35.348636      31.252411                  7                   1           120.0          120.0
   12 5.511916 4.116953         0.44     37.024608      32.878512                  6                   2            80.0          100.0
   13 5.565680 4.143590         0.46     38.526310      34.279912                  4                   2            40.0          120.0
   14 5.592289 4.157443         0.48     40.495949      35.943418                  4                   2            40.0           60.0
   15 5.631116 4.180192         0.53     41.480268      36.825787                  6                   1           100.0           90.0
   16 5.684763 4.216894         0.60     42.956616      38.274705                  7                   0           140.0          130.0
   17 5.732528 4.253205         0.65     45.245238      40.515279                  5                   0           100.0          120.0
   18 5.774594 4.288637         0.70     47.547120      42.659383                  6                   1           100.0          110.0
   19 5.808127 4.318646         0.73     49.762669      44.747861                  4                   1            60.0           90.0
   20 5.818684 4.329301         0.79     51.704560      46.479076                  7                   1           120.0           30.0

Initial source distance: 1.414
Final source distance:   0.695
Final position:          (5.819, 4.329)
Final orientation:       0.790 rad

============================================================
TRIAL SEED: 47
============================================================

Left ORN indices:   762
Right ORN indices:  767
BPN indices:        32
DNg100 pair:        2/2
DNa02 pair:         2/2
Whole-brain edges:  3,732,460

=== SPATIAL OLFACTORY CLOSED-LOOP PILOT ===

 step        x        y  orientation  left_rate_hz  right_rate_hz  dna02_left_spikes  dna02_right_spikes  steering_drive  forward_drive
    1 5.025000 4.000000         0.00     26.044530      22.613867                  1                   1             0.0           50.0
    2 5.069991 4.000900         0.02     26.530227      22.994699                  3                   1            40.0           90.0
    3 5.129844 4.005097         0.07     27.389444      23.729202                  5                   0           100.0          120.0
    4 5.169507 4.010282         0.13     28.556975      24.807303                  6                   0           120.0           80.0
    5 5.223804 4.019044         0.16     29.329135      25.624592                  5                   2            60.0          110.0
    6 5.248306 4.024011         0.20     30.554295      26.700312                  5                   1            80.0           50.0
    7 5.311594 4.038830         0.23     31.073082      27.263269                  7                   4            60.0          130.0
    8 5.374239 4.056167         0.27     32.663446      28.638624                  4                   0            80.0          130.0
    9 5.417229 4.069466         0.30     34.317668      30.107594                  6                   3            60.0           90.0
   10 5.473992 4.088908         0.33     35.506507      31.170304                  6                   3            60.0          120.0
   11 5.539255 4.114221         0.37     37.188162      32.618233                  6                   2            80.0          140.0
   12 5.580876 4.131330         0.39     39.241368      34.399946                  5                   3            40.0           90.0
   13 5.639958 4.158426         0.43     40.624596      35.559619                  7                   3            80.0          130.0
   14 5.675976 4.175825         0.45     42.681194      37.332073                  4                   2            40.0           80.0
   15 5.716097 4.196205         0.47     43.999748      38.431552                  4                   2            40.0           90.0
   16 5.759237 4.221482         0.53     45.529337      39.681561                  6                   0           120.0          100.0
   17 5.776288 4.231935         0.55     47.187645      41.252021                  5                   3            40.0           40.0
   18 5.801216 4.248626         0.59     47.879783      41.879676                  5                   1            80.0           60.0
   19 5.841910 4.277678         0.62     48.915703      42.884615                  4                   1            60.0          100.0
   20 5.877734 4.304911         0.65     50.843676      44.490006                  5                   2            60.0           90.0

Initial source distance: 1.414
Final source distance:   0.706
Final position:          (5.878, 4.305)
Final orientation:       0.650 rad

============================================================
TRIAL SEED: 48
============================================================

Left ORN indices:   762
Right ORN indices:  767
BPN indices:        32
DNg100 pair:        2/2
DNa02 pair:         2/2
Whole-brain edges:  3,732,460

=== SPATIAL OLFACTORY CLOSED-LOOP PILOT ===

 step        x        y  orientation  left_rate_hz  right_rate_hz  dna02_left_spikes  dna02_right_spikes  steering_drive  forward_drive
    1 5.020000 4.000000     0.000000     26.044530      22.613867                  1                   1             0.0           40.0
    2 5.059950 3.998001     6.233185     26.432819      22.918454                  0                   5          -100.0           80.0
    3 5.059950 3.998001     6.193185     27.272580      23.418723                  0                   4           -80.0            0.0
    4 5.104375 3.990832     6.123185     27.345598      23.362849                  0                   7          -140.0           90.0
    5 5.133777 3.984871     6.083185     28.195551      23.818729                  1                   5           -80.0           60.0
    6 5.182461 3.973473     6.053185     28.708680      24.104959                  2                   5           -60.0          100.0
    7 5.236135 3.961470     6.063185     29.443907      24.577984                  4                   3            20.0          110.0
    8 5.295270 3.951319     6.113185     30.169757      25.124405                  7                   2           100.0          120.0
    9 5.334932 3.946134     6.153185     30.945190      25.786074                  5                   1            80.0           80.0
   10 5.389710 3.941190     6.193185     31.469155      26.247355                  7                   3            80.0          110.0
   11 5.434654 3.938941     6.233185     32.235470      26.886454                  5                   1            80.0           90.0
   12 5.489651 3.938391     6.273185     32.870532      27.431776                  5                   1            80.0          110.0
   13 5.559637 3.939791     0.020000     33.682868      28.106385                  7                   4            60.0          140.0
   14 5.614568 3.942540     0.050000     34.741860      28.931416                  5                   2            60.0          110.0
   15 5.669293 3.948031     0.100000     35.553908      29.574469                  6                   1           100.0          110.0
   16 5.723755 3.955706     0.140000     36.364896      30.261271                  5                   1            80.0          110.0
   17 5.778053 3.964468     0.160000     37.201711      30.943216                  5                   3            40.0          110.0
   18 5.826954 3.974891     0.210000     38.039732      31.574762                  6                   1           100.0          100.0
   19 5.865808 3.984399     0.240000     38.776360      32.200780                  6                   3            60.0           80.0
   20 5.894468 3.993265     0.300000     39.378450      32.686766                  7                   1           120.0           60.0

Initial source distance: 1.414
Final source distance:   1.012
Final position:          (5.894, 3.993)
Final orientation:       0.300 rad

============================================================
TRIAL SEED: 49
============================================================

Left ORN indices:   762
Right ORN indices:  767
BPN indices:        32
DNg100 pair:        2/2
DNa02 pair:         2/2
Whole-brain edges:  3,732,460

=== SPATIAL OLFACTORY CLOSED-LOOP PILOT ===

 step        x        y  orientation  left_rate_hz  right_rate_hz  dna02_left_spikes  dna02_right_spikes  steering_drive  forward_drive
    1 5.000000 4.000000         0.00     26.044530      22.613867                  0                   0             0.0            0.0
    2 5.054956 4.002199         0.04     26.044530      22.613867                  5                   1            80.0          110.0
    3 5.109733 4.007143         0.09     27.077336      23.553974                  5                   0           100.0          110.0
    4 5.149342 4.012724         0.14     28.153244      24.570978                  6                   1           100.0           80.0
    5 5.193767 4.019894         0.16     28.950685      25.380915                  5                   3            40.0           90.0
    6 5.247559 4.031359         0.21     29.959672      26.254613                  6                   1           100.0          110.0
    7 5.296242 4.042758         0.23     31.204234      27.437351                  5                   3            40.0          100.0
    8 5.359222 4.058839         0.25     32.441548      28.497582                  6                   4            40.0          130.0
    9 5.406988 4.073615         0.30     34.128484      29.906771                  5                   0           100.0          100.0
   10 5.458463 4.092990         0.36     35.408469      31.131078                  6                   0           120.0          110.0
   11 5.513726 4.116355         0.40     36.892912      32.582175                  7                   3            80.0          120.0
   12 5.571970 4.145212         0.46     38.676455      34.184306                  8                   2           120.0          130.0
   13 5.616548 4.167856         0.47     40.686579      36.083290                  2                   1            20.0          100.0
   14 5.634288 4.177092         0.48     42.408741      37.478547                  5                   4            20.0           40.0
   15 5.694328 4.213081         0.54     43.091157      38.060747                  7                   1           120.0          140.0
   16 5.745790 4.243930         0.54     45.528086      40.293730                  4                   4             0.0          120.0
   17 5.762628 4.254722         0.57     47.869743      42.066302                  5                   2            60.0           40.0
   18 5.787045 4.272153         0.62     48.556825      42.762735                  6                   1           100.0           60.0
   19 5.826236 4.303203         0.67     49.609570      43.870975                  6                   1           100.0          100.0
   20 5.860654 4.332192         0.70     51.588697      45.695011                  4                   1            60.0           90.0

Initial source distance: 1.414
Final source distance:   0.682
Final position:          (5.861, 4.332)
Final orientation:       0.700 rad

============================================================
TRIAL SEED: 50
============================================================

Left ORN indices:   762
Right ORN indices:  767
BPN indices:        32
DNg100 pair:        2/2
DNa02 pair:         2/2
Whole-brain edges:  3,732,460

=== SPATIAL OLFACTORY CLOSED-LOOP PILOT ===

 step        x        y  orientation  left_rate_hz  right_rate_hz  dna02_left_spikes  dna02_right_spikes  steering_drive  forward_drive
    1 5.025000 4.000000         0.00     26.044530      22.613867                  1                   1             0.0           50.0
    2 5.095000 4.000000         0.00     26.530227      22.994699                  2                   2             0.0          140.0
    3 5.144960 4.001999         0.04     27.905884      24.064355                  5                   1            80.0          100.0
    4 5.159923 4.003049         0.07     28.858150      24.929046                  6                   3            60.0           30.0
    5 5.199761 4.006644         0.09     29.115707      25.227373                  5                   3            40.0           80.0
    6 5.254429 4.012682         0.11     29.948928      25.942080                  4                   2            40.0          110.0
    7 5.308636 4.021987         0.17     31.144833      26.935993                  7                   1           120.0          110.0
    8 5.372208 4.035536         0.21     32.329008      28.072287                  6                   2            80.0          130.0
    9 5.381945 4.037816         0.23     33.874367      29.421774                  6                   4            40.0           20.0
   10 5.448818 4.058503         0.30     34.082595      29.661804                  7                   0           140.0          140.0
   11 5.509878 4.080791         0.35     35.839765      31.322550                  5                   0           100.0          130.0
   12 5.523808 4.086355         0.38     37.613987      32.924028                  4                   1            60.0           30.0
   13 5.555474 4.101263         0.44     37.981947      33.349636                  6                   0           120.0           70.0
   14 5.590954 4.119734         0.48     38.918437      34.378104                  5                   1            80.0           80.0
   15 5.652046 4.153906         0.51     40.126619      35.533919                  6                   3            60.0          140.0
   16 5.708454 4.186203         0.52     42.473441      37.526155                  4                   3            20.0          130.0
   17 5.755053 4.215419         0.56     44.793228      39.357267                  6                   2            80.0          110.0
   18 5.800447 4.246474         0.60     46.734634      41.056525                  5                   1            80.0          110.0
   19 5.844231 4.279759         0.65     48.764122      42.817822                  7                   2           100.0          110.0
   20 5.866982 4.299314         0.71     50.856701      44.686420                  6                   0           120.0           60.0

Initial source distance: 1.414
Final source distance:   0.713
Final position:          (5.867, 4.299)
Final orientation:       0.710 rad

============================================================
TRIAL SEED: 51
============================================================

Left ORN indices:   762
Right ORN indices:  767
BPN indices:        32
DNg100 pair:        2/2
DNa02 pair:         2/2
Whole-brain edges:  3,732,460

=== SPATIAL OLFACTORY CLOSED-LOOP PILOT ===

 step        x        y  orientation  left_rate_hz  right_rate_hz  dna02_left_spikes  dna02_right_spikes  steering_drive  forward_drive
    1 5.045000 4.000000         0.00     26.044530      22.613867                  1                   1             0.0           90.0
    2 5.109919 4.003249         0.05     26.921109      23.299991                  6                   1           100.0          130.0
    3 5.159796 4.006746         0.07     28.164595      24.432851                  4                   2            40.0          100.0
    4 5.204473 4.012133         0.12     29.191458      25.299761                  7                   2           100.0           90.0
    5 5.239080 4.017363         0.15     30.098859      26.182115                  6                   3            60.0           70.0
    6 5.292983 4.028290         0.20     30.850764      26.878821                  6                   1           100.0          110.0
    7 5.327062 4.036269         0.23     32.092834      28.043757                  5                   2            60.0           70.0
    8 5.384888 4.052273         0.27     32.918297      28.810456                  6                   2            80.0          120.0
    9 5.422981 4.064475         0.31     34.433020      30.164492                  4                   0            80.0           80.0
   10 5.465253 4.079906         0.35     35.454973      31.139961                  6                   2            80.0           90.0
   11 5.516330 4.100306         0.38     36.671731      32.277372                  7                   4            60.0          110.0
   12 5.584811 4.130888         0.42     38.278055      33.675595                  4                   0            80.0          150.0
   13 5.633848 4.155797         0.47     40.592007      35.671393                  6                   1           100.0          110.0
   14 5.672899 4.178157         0.52     42.321667      37.270353                  6                   1           100.0           90.0
   15 5.710540 4.202818         0.58     43.779467      38.672937                  6                   0           120.0           90.0
   16 5.762286 4.242155         0.65     45.282772      40.190096                  7                   0           140.0          130.0
   17 5.803996 4.278006         0.71     47.667989      42.486050                  7                   1           120.0          110.0
   18 5.835987 4.309653         0.78     49.810226      44.553272                  7                   0           140.0           90.0
   19 5.870098 4.346211         0.82     51.576070      46.432077                  4                   0            80.0          100.0
   20 5.906808 4.387166         0.84     53.807259      48.469224                  4                   2            40.0          110.0

Initial source distance: 1.414
Final source distance:   0.620
Final position:          (5.907, 4.387)
Final orientation:       0.840 rad
